,Last Price,Strike,Bid-Ask,Maturity
2,0.37,45.0,0.03999999999999998,0.0027397260273972603
3,0.07,50.0,0.03,0.0027397260273972603
4,0.05,55.0,0.020000000000000004,0.0027397260273972603
5,0.03,59.0,0.010000000000000002,0.0027397260273972603
6,0.05,59.5,0.02,0.0027397260273972603
7,0.04,60.0,0.010000000000000002,0.0027397260273972603
8,0.04,60.5,0.02,0.0027397260273972603
9,0.04,61.0,0.010000000000000002,0.0027397260273972603
10,0.04,61.5,0.03,0.0027397260273972603
11,0.03,62.0,0.02,0.0027397260273972603
12,0.04,62.5,0.02,0.0027397260273972603
13,0.03,63.0,0.03,0.0027397260273972603
14,0.05,63.5,0.009999999999999998,0.0027397260273972603
15,0.02,64.0,0.009999999999999998,0.0027397260273972603
16,0.03,64.5,0.009999999999999998,0.0027397260273972603
17,0.05,65.0,0.019999999999999997,0.0027397260273972603
18,0.03,65.5,0.019999999999999997,0.0027397260273972603
19,0.04,66.0,0.019999999999999997,0.0027397260273972603
20,0.03,66.5,0.009999999999999998,0.0027397260273972603
21,0.02,67.0,0.019999999999999997,0.0027397260273972603
22,0.02,67.5,0.009999999999999998,0.0027397260273972603
23,0.02,68.0,0.01,0.0027397260273972603
24,0.02,68.5,0.009999999999999998,0.0027397260273972603
25,0.02,69.0,0.009999999999999998,0.0027397260273972603
26,0.03,69.5,0.02,0.0027397260273972603
27,0.02,70.0,0.009999999999999998,0.0027397260273972603
28,0.02,70.5,0.019999999999999997,0.0027397260273972603
29,0.03,71.0,0.019999999999999997,0.0027397260273972603
30,0.02,72.0,0.019999999999999997,0.0027397260273972603
31,0.03,73.0,0.019999999999999997,0.0027397260273972603
32,0.02,73.5,0.01,0.0027397260273972603
33,0.01,74.0,0.019999999999999997,0.0027397260273972603
34,0.01,75.0,0.03,0.0027397260273972603
35,0.01,76.0,0.03,0.0027397260273972603
36,0.01,77.0,0.01,0.0027397260273972603
37,0.01,78.0,0.03,0.0027397260273972603
38,0.02,79.0,0.02,0.0027397260273972603
39,0.01,80.0,0.01,0.0027397260273972603
40,0.01,85.0,0.01,0.0027397260273972603
41,0.01,90.0,0.01,0.0027397260273972603
42,0.01,95.0,0.01,0.0027397260273972603
43,0.01,100.0,0.01,0.0027397260273972603
44,0.01,105.0,0.01,0.0027397260273972603
0,1.25,45.0,0.07000000000000006,0.021917808219178082
1,0.44,50.0,0.02999999999999997,0.021917808219178082
2,0.18,55.0,0.03,0.021917808219178082
3,0.09,60.0,0.03,0.021917808219178082
4,0.15,61.0,0.06999999999999999,0.021917808219178082
5,0.13,62.0,0.03,0.021917808219178082
6,0.15,62.5,0.01999999999999999,0.021917808219178082
7,0.1,63.0,0.03,0.021917808219178082
8,2.65,63.5,0.03,0.021917808219178082
9,0.16,64.0,0.03,0.021917808219178082
10,0.05,64.5,0.03,0.021917808219178082
11,0.08,65.0,0.020000000000000004,0.021917808219178082
12,0.05,65.5,0.03,0.021917808219178082
13,0.1,66.0,0.04,0.021917808219178082
14,0.09,66.5,0.039999999999999994,0.021917808219178082
15,0.04,67.0,0.06,0.021917808219178082
16,0.07,67.5,0.03,0.021917808219178082
17,0.05,68.0,0.020000000000000004,0.021917808219178082
18,0.09,68.5,0.020000000000000004,0.021917808219178082
19,0.07,69.0,0.030000000000000006,0.021917808219178082
20,2.3,69.5,0.020000000000000004,0.021917808219178082
21,0.04,70.0,0.020000000000000004,0.021917808219178082
22,0.1,70.5,0.010000000000000002,0.021917808219178082
23,0.05,71.0,0.019999999999999997,0.021917808219178082
24,0.03,71.5,0.020000000000000004,0.021917808219178082
25,0.05,72.0,0.009999999999999995,0.021917808219178082
26,0.04,72.5,0.030000000000000006,0.021917808219178082
27,0.1,73.0,0.020000000000000004,0.021917808219178082
28,0.04,73.5,0.019999999999999997,0.021917808219178082
29,0.03,74.0,0.019999999999999997,0.021917808219178082
30,0.02,75.0,0.019999999999999997,0.021917808219178082
31,0.04,76.0,0.010000000000000002,0.021917808219178082
32,0.02,77.0,0.020000000000000004,0.021917808219178082
33,0.55,78.0,0.010000000000000002,0.021917808219178082
34,0.05,79.0,0.020000000000000004,0.021917808219178082
35,0.04,80.0,0.030000000000000002,0.021917808219178082
36,0.03,85.0,0.010000000000000002,0.021917808219178082
37,0.03,90.0,0.009999999999999998,0.021917808219178082
38,0.03,95.0,0.049999999999999996,0.021917808219178082
39,0.03,100.0,0.019999999999999997,0.021917808219178082
40,0.08,105.0,0.019999999999999997,0.021917808219178082
2,1.68,45.0,0.050000000000000044,0.0410958904109589
3,0.85,50.0,0.10999999999999999,0.0410958904109589
4,0.46,55.0,0.0,0.0410958904109589
5,0.3,59.0,0.019999999999999962,0.0410958904109589
6,0.31,60.0,0.020000000000000018,0.0410958904109589
7,0.3,60.5,0.010000000000000009,0.0410958904109589
8,0.29,61.0,0.010000000000000009,0.0410958904109589
9,0.25,61.5,0.009999999999999953,0.0410958904109589
10,0.26,62.0,0.009999999999999953,0.0410958904109589
11,0.31,62.5,0.010000000000000009,0.0410958904109589
12,0.21,63.0,0.010000000000000009,0.0410958904109589
13,0.24,63.5,0.010000000000000009,0.0410958904109589
14,0.22,64.0,0.020000000000000018,0.0410958904109589
15,0.29,64.5,0.01999999999999999,0.0410958904109589
16,0.21,65.0,0.009999999999999981,0.0410958904109589
17,0.26,65.5,0.009999999999999981,0.0410958904109589
18,0.21,66.0,0.010000000000000009,0.0410958904109589
19,2.25,66.5,0.010000000000000009,0.0410958904109589
20,0.26,67.0,0.01999999999999999,0.0410958904109589
21,0.17,67.5,0.09,0.0410958904109589
22,0.26,68.0,0.01999999999999999,0.0410958904109589
23,0.18,68.5,0.06,0.0410958904109589
24,0.18,69.0,0.03,0.0410958904109589
25,3.1,69.5,0.03,0.0410958904109589
26,0.17,70.0,0.01999999999999999,0.0410958904109589
27,0.16,70.5,0.03,0.0410958904109589
28,0.16,71.0,0.01999999999999999,0.0410958904109589
29,0.95,71.5,0.07999999999999999,0.0410958904109589
30,0.15,72.0,0.010000000000000009,0.0410958904109589
31,0.15,72.5,0.03,0.0410958904109589
32,0.2,73.0,0.07,0.0410958904109589
33,0.2,73.5,0.01999999999999999,0.0410958904109589
34,0.15,74.0,0.009999999999999981,0.0410958904109589
35,0.13,75.0,0.01999999999999999,0.0410958904109589
36,0.16,76.0,0.020000000000000018,0.0410958904109589
37,0.11,77.0,0.010000000000000009,0.0410958904109589
38,0.13,78.0,0.020000000000000004,0.0410958904109589
39,0.16,79.0,0.039999999999999994,0.0410958904109589
40,0.1,80.0,0.01999999999999999,0.0410958904109589
41,0.09,85.0,0.009999999999999995,0.0410958904109589
42,0.06,90.0,0.010000000000000009,0.0410958904109589
43,0.05,95.0,0.039999999999999994,0.0410958904109589
44,0.05,100.0,0.020000000000000004,0.0410958904109589
45,0.05,105.0,0.010000000000000002,0.0410958904109589
46,0.02,110.0,0.02,0.0410958904109589
0,2.18,45.0,0.31000000000000005,0.06027397260273973
1,1.1,50.0,0.07999999999999985,0.06027397260273973
2,0.57,55.0,0.10999999999999999,0.06027397260273973
3,0.37,60.0,0.03999999999999998,0.06027397260273973
4,0.35,61.0,0.09000000000000002,0.06027397260273973
5,0.34,62.0,0.04999999999999999,0.06027397260273973
6,0.32,62.5,0.03999999999999998,0.06027397260273973
7,0.29,63.0,0.04999999999999999,0.06027397260273973
8,0.31,63.5,0.040000000000000036,0.06027397260273973
9,0.29,64.0,0.030000000000000027,0.06027397260273973
10,0.28,64.5,0.1,0.06027397260273973
11,0.25,65.0,0.05000000000000002,0.06027397260273973
12,0.29,65.5,0.03,0.06027397260273973
13,0.25,66.0,0.03999999999999998,0.06027397260273973
14,0.16,66.5,0.05000000000000002,0.06027397260273973
15,0.21,67.0,0.03,0.06027397260273973
16,0.28,67.5,0.03,0.06027397260273973
17,0.19,68.0,0.03,0.06027397260273973
18,0.22,68.5,0.5,0.06027397260273973
19,0.21,69.0,0.03,0.06027397260273973
20,0.17,69.5,0.03,0.06027397260273973
21,0.17,70.0,0.03,0.06027397260273973
22,0.18,70.5,0.03,0.06027397260273973
23,0.19,71.0,0.03,0.06027397260273973
24,2.05,71.5,0.03,0.06027397260273973
25,0.19,72.0,0.03999999999999998,0.06027397260273973
26,0.54,72.5,0.4,0.06027397260273973
27,0.75,73.0,0.58,0.06027397260273973
28,1.42,73.5,0.03,0.06027397260273973
29,0.52,74.0,0.06000000000000001,0.06027397260273973
30,0.17,75.0,0.03,0.06027397260273973
31,0.49,76.0,0.06999999999999999,0.06027397260273973
32,1.76,77.0,0.06,0.06027397260273973
33,0.77,78.0,0.03,0.06027397260273973
34,0.67,79.0,0.6799999999999999,0.06027397260273973
35,0.16,80.0,0.020000000000000018,0.06027397260273973
36,0.14,85.0,0.0,0.06027397260273973
37,0.1,90.0,0.03,0.06027397260273973
38,0.14,95.0,0.039999999999999994,0.06027397260273973
39,0.08,100.0,0.06,0.06027397260273973
0,1.27,50.0,0.26,0.07945205479452055
1,0.75,55.0,0.21000000000000008,0.07945205479452055
2,0.5,60.0,0.36,0.07945205479452055
3,0.54,60.5,0.73,0.07945205479452055
4,4.5,61.0,1.1099999999999999,0.07945205479452055
5,0.6,62.0,0.75,0.07945205479452055
6,4.08,63.0,1.09,0.07945205479452055
7,5.5,63.5,0.9100000000000001,0.07945205479452055
8,7.92,64.0,1.02,0.07945205479452055
9,2.79,64.5,0.89,0.07945205479452055
10,0.35,65.0,0.04999999999999999,0.07945205479452055
11,3.0,65.5,1.06,0.07945205479452055
12,0.34,66.0,0.32,0.07945205479452055
13,6.55,66.5,1.02,0.07945205479452055
14,5.65,67.0,1.15,0.07945205479452055
15,3.8,67.5,1.0799999999999998,0.07945205479452055
16,0.24,68.5,0.61,0.07945205479452055
17,0.23,69.0,0.47,0.07945205479452055
18,7.85,69.5,1.48,0.07945205479452055
19,0.3,70.0,0.13,0.07945205479452055
20,1.16,70.5,0.27999999999999997,0.07945205479452055
21,6.7,71.0,2.24,0.07945205479452055
22,6.65,71.5,2.2600000000000002,0.07945205479452055
23,3.7,72.0,1.23,0.07945205479452055
24,1.86,73.0,2.14,0.07945205479452055
25,1.1,74.0,2.11,0.07945205479452055
26,0.11,75.0,2.15,0.07945205479452055
27,0.25,80.0,0.58,0.07945205479452055
28,0.77,85.0,1.1,0.07945205479452055
29,0.07,90.0,2.14,0.07945205479452055
30,0.95,95.0,2.14,0.07945205479452055
31,0.42,100.0,2.13,0.07945205479452055
0,1.6,50.0,0.22999999999999998,0.09863013698630137
1,0.96,55.0,0.24,0.09863013698630137
2,0.6,60.0,0.36999999999999994,0.09863013698630137
3,4.75,61.0,0.42000000000000004,0.09863013698630137
4,7.0,61.5,0.65,0.09863013698630137
5,0.34,62.0,0.6499999999999999,0.09863013698630137
6,6.11,63.0,0.6499999999999999,0.09863013698630137
7,0.46,64.0,0.33000000000000007,0.09863013698630137
8,4.0,64.5,0.95,0.09863013698630137
9,0.6,65.0,0.65,0.09863013698630137
10,3.25,66.0,0.81,0.09863013698630137
11,6.1,66.5,0.9600000000000001,0.09863013698630137
12,0.01,67.0,1.0499999999999998,0.09863013698630137
13,0.64,70.0,0.69,0.09863013698630137
14,2.3,72.0,1.42,0.09863013698630137
15,0.1,75.0,1.8699999999999999,0.09863013698630137
16,0.22,80.0,1.0,0.09863013698630137
17,1.3,85.0,1.0,0.09863013698630137
18,0.14,90.0,0.5,0.09863013698630137
19,0.37,95.0,0.52,0.09863013698630137
2,3.05,45.0,0.10000000000000009,0.1178082191780822
3,1.67,50.0,0.07000000000000006,0.1178082191780822
4,0.97,55.0,0.08999999999999997,0.1178082191780822
5,0.6,60.0,0.06999999999999995,0.1178082191780822
6,0.39,65.0,0.0,0.1178082191780822
7,0.3,70.0,0.03999999999999998,0.1178082191780822
8,0.22,75.0,0.010000000000000009,0.1178082191780822
9,0.19,80.0,0.020000000000000018,0.1178082191780822
10,0.17,85.0,0.010000000000000009,0.1178082191780822
11,0.15,90.0,0.03,0.1178082191780822
12,0.12,95.0,0.020000000000000018,0.1178082191780822
13,0.11,100.0,0.009999999999999995,0.1178082191780822
14,0.11,105.0,0.03,0.1178082191780822
15,0.1,110.0,0.010000000000000009,0.1178082191780822
16,0.08,115.0,0.020000000000000004,0.1178082191780822
17,0.09,120.0,0.009999999999999995,0.1178082191780822
18,0.07,125.0,0.020000000000000004,0.1178082191780822
19,0.1,130.0,0.020000000000000004,0.1178082191780822
20,0.06,135.0,0.020000000000000004,0.1178082191780822
21,0.05,140.0,0.020000000000000004,0.1178082191780822
22,0.05,145.0,0.009999999999999995,0.1178082191780822
23,0.05,150.0,0.010000000000000002,0.1178082191780822
24,0.05,155.0,0.009999999999999995,0.1178082191780822
25,0.05,160.0,0.020000000000000004,0.1178082191780822
26,0.04,165.0,0.010000000000000002,0.1178082191780822
27,0.04,170.0,0.010000000000000002,0.1178082191780822
28,0.04,175.0,0.020000000000000004,0.1178082191780822
29,0.04,180.0,0.010000000000000002,0.1178082191780822
2,5.89,45.0,0.20000000000000018,0.36712328767123287
3,4.25,50.0,0.20000000000000018,0.36712328767123287
4,3.1,55.0,0.19999999999999973,0.36712328767123287
5,2.43,60.0,0.13000000000000034,0.36712328767123287
6,1.86,65.0,0.1399999999999999,0.36712328767123287
7,1.4,70.0,0.10000000000000009,0.36712328767123287
8,1.17,75.0,0.1299999999999999,0.36712328767123287
9,0.92,80.0,0.08999999999999997,0.36712328767123287
10,0.75,85.0,0.07999999999999996,0.36712328767123287
11,0.75,90.0,0.20000000000000007,0.36712328767123287
12,0.55,95.0,0.13999999999999996,0.36712328767123287
13,0.52,100.0,0.09000000000000002,0.36712328767123287
14,0.55,105.0,0.10999999999999999,0.36712328767123287
15,0.48,110.0,0.10000000000000003,0.36712328767123287
16,0.36,115.0,0.23,0.36712328767123287
17,0.28,120.0,0.07999999999999996,0.36712328767123287
18,0.34,125.0,0.2,0.36712328767123287
19,0.25,130.0,0.10999999999999999,0.36712328767123287
20,0.22,135.0,0.15,0.36712328767123287
21,0.27,140.0,0.63,0.36712328767123287
22,0.07,145.0,0.30000000000000004,0.36712328767123287
23,0.16,150.0,0.08000000000000002,0.36712328767123287
24,0.66,155.0,0.48,0.36712328767123287
25,0.4,160.0,0.75,0.36712328767123287
26,0.28,165.0,0.46,0.36712328767123287
27,0.18,170.0,0.24,0.36712328767123287
2,6.24,50.0,0.25,0.6164383561643836
3,5.14,55.0,0.25,0.6164383561643836
4,4.2,60.0,0.2999999999999998,0.6164383561643836
5,3.25,65.0,0.25,0.6164383561643836
6,2.65,70.0,0.18000000000000016,0.6164383561643836
7,2.15,75.0,0.26,0.6164383561643836
8,1.82,80.0,0.27,0.6164383561643836
9,1.52,85.0,0.17999999999999994,0.6164383561643836
10,1.17,90.0,0.17000000000000015,0.6164383561643836
11,1.25,95.0,0.16000000000000014,0.6164383561643836
12,0.9,100.0,0.18999999999999995,0.6164383561643836
13,0.88,105.0,0.21000000000000008,0.6164383561643836
16,10.05,42.0,0.3500000000000014,0.7123287671232876
17,8.83,45.0,0.3000000000000007,0.7123287671232876
18,6.8,50.0,0.20000000000000018,0.7123287671232876
19,5.55,55.0,0.15000000000000036,0.7123287671232876
20,4.55,60.0,0.2999999999999998,0.7123287671232876
21,3.67,65.0,0.20000000000000018,0.7123287671232876
22,3.01,70.0,0.23999999999999977,0.7123287671232876
23,2.54,75.0,0.41999999999999993,0.7123287671232876
24,2.1,80.0,0.18999999999999995,0.7123287671232876
25,1.81,85.0,0.22999999999999998,0.7123287671232876
26,1.55,90.0,0.2100000000000002,0.7123287671232876
27,1.39,95.0,0.31000000000000005,0.7123287671232876
28,1.15,100.0,0.11999999999999988,0.7123287671232876
29,1.07,105.0,0.19000000000000006,0.7123287671232876
30,1.02,110.0,0.20999999999999996,0.7123287671232876
31,0.85,115.0,0.12,0.7123287671232876
32,0.75,120.0,0.19999999999999996,0.7123287671232876
33,0.65,125.0,0.14,0.7123287671232876
34,0.63,130.0,0.1499999999999999,0.7123287671232876
35,0.64,135.0,0.08999999999999997,0.7123287671232876
36,1.26,140.0,0.17000000000000004,0.7123287671232876
37,1.33,145.0,0.18,0.7123287671232876
38,0.46,150.0,0.15999999999999998,0.7123287671232876
39,0.45,155.0,0.14,0.7123287671232876
40,0.54,160.0,0.13,0.7123287671232876
41,0.42,165.0,0.15000000000000002,0.7123287671232876
42,0.65,170.0,0.06,0.7123287671232876
43,0.32,175.0,0.09000000000000002,0.7123287671232876
44,0.33,180.0,0.12,0.7123287671232876
45,0.37,185.0,0.08000000000000002,0.7123287671232876
46,0.27,190.0,0.06,0.7123287671232876
47,0.29,195.0,0.07999999999999999,0.7123287671232876
48,0.23,200.0,0.03,0.7123287671232876
11,11.0,45.0,1.0999999999999996,1.115068493150685
12,9.75,50.0,0.4499999999999993,1.115068493150685
13,8.3,55.0,0.25,1.115068493150685
14,7.0,60.0,0.25,1.115068493150685
15,6.1,65.0,0.34999999999999964,1.115068493150685
16,5.3,70.0,0.20000000000000018,1.115068493150685
17,4.85,75.0,0.5499999999999998,1.115068493150685
18,4.25,80.0,0.44999999999999973,1.115068493150685
19,3.8,85.0,0.44999999999999973,1.115068493150685
20,3.1,90.0,0.3700000000000001,1.115068493150685
21,3.0,95.0,0.6400000000000001,1.115068493150685
22,2.52,100.0,0.3900000000000001,1.115068493150685
23,2.35,105.0,0.3799999999999999,1.115068493150685
24,2.0,110.0,0.2899999999999998,1.115068493150685
25,1.85,115.0,0.6199999999999999,1.115068493150685
26,1.68,120.0,0.33000000000000007,1.115068493150685
27,1.4,125.0,0.45999999999999996,1.115068493150685
28,3.6,130.0,0.29000000000000004,1.115068493150685
29,3.19,135.0,0.27,1.115068493150685
30,4.3,140.0,0.31000000000000005,1.115068493150685
31,0.72,145.0,0.27,1.115068493150685
32,0.92,150.0,0.23999999999999988,1.115068493150685
33,2.22,155.0,0.27000000000000013,1.115068493150685
34,1.99,160.0,0.24,1.115068493150685
35,1.01,165.0,0.26,1.115068493150685
36,1.69,170.0,0.25,1.115068493150685
37,2.04,175.0,0.25,1.115068493150685
38,0.73,180.0,0.25,1.115068493150685
39,4.31,185.0,1.0399999999999998,1.115068493150685
40,0.54,190.0,0.24,1.115068493150685
41,2.32,195.0,0.7000000000000002,1.115068493150685
42,0.54,200.0,0.2,1.115068493150685
13,12.95,45.0,0.8999999999999986,1.3643835616438356
14,11.3,50.0,0.5999999999999996,1.3643835616438356
15,9.8,55.0,1.0999999999999996,1.3643835616438356
16,9.1,60.0,0.5499999999999998,1.3643835616438356
17,7.2,65.0,1.0999999999999996,1.3643835616438356
18,6.5,70.0,0.7999999999999998,1.3643835616438356
19,5.7,75.0,0.8500000000000005,1.3643835616438356
20,10.15,80.0,1.0499999999999998,1.3643835616438356
21,5.15,85.0,0.5,1.3643835616438356
22,4.55,90.0,0.8000000000000003,1.3643835616438356
23,4.13,95.0,0.30000000000000027,1.3643835616438356
24,3.45,100.0,0.5500000000000003,1.3643835616438356
25,10.3,105.0,0.52,1.3643835616438356
26,8.25,110.0,0.9300000000000002,1.3643835616438356
27,7.66,115.0,0.6299999999999999,1.3643835616438356
28,4.75,120.0,0.5899999999999999,1.3643835616438356
29,2.33,125.0,0.7200000000000002,1.3643835616438356
30,1.82,130.0,0.44000000000000017,1.3643835616438356
31,6.15,135.0,0.43999999999999995,1.3643835616438356
32,1.63,140.0,0.5199999999999998,1.3643835616438356
33,12.77,145.0,1.1500000000000004,1.3643835616438356
34,1.5,150.0,0.31000000000000005,1.3643835616438356
35,6.8,155.0,2.05,1.3643835616438356
36,4.59,160.0,0.3599999999999999,1.3643835616438356
37,1.28,165.0,0.24,1.3643835616438356
38,4.1,170.0,3.8600000000000003,1.3643835616438356
39,14.75,175.0,3.3000000000000007,1.3643835616438356
40,6.1,180.0,2.71,1.3643835616438356
41,6.22,185.0,1.1799999999999997,1.3643835616438356
42,0.95,190.0,0.16000000000000003,1.3643835616438356
43,1.77,195.0,0.2899999999999999,1.3643835616438356
44,0.8,200.0,0.47000000000000003,1.3643835616438356
2,14.0,45.0,1.0500000000000007,1.7095890410958905
3,12.33,50.0,0.40000000000000036,1.7095890410958905
4,11.1,55.0,1.3499999999999996,1.7095890410958905
5,10.6,60.0,0.9499999999999993,1.7095890410958905
6,8.9,65.0,0.75,1.7095890410958905
7,8.05,70.0,1.2500000000000009,1.7095890410958905
8,7.29,75.0,0.7000000000000002,1.7095890410958905
9,6.3,80.0,0.7999999999999998,1.7095890410958905
10,5.9,85.0,0.5500000000000007,1.7095890410958905
11,5.5,90.0,0.6999999999999993,1.7095890410958905
12,5.0,95.0,1.0499999999999998,1.7095890410958905
13,4.5,100.0,0.25,1.7095890410958905
14,4.05,105.0,0.7500000000000004,1.7095890410958905
15,3.75,110.0,0.7999999999999998,1.7095890410958905
16,3.5,115.0,0.2999999999999998,1.7095890410958905
17,3.25,120.0,0.09999999999999964,1.7095890410958905
18,3.45,125.0,0.5499999999999998,1.7095890410958905
19,2.86,130.0,0.48,1.7095890410958905
20,2.9,135.0,0.7200000000000002,1.7095890410958905
21,2.45,140.0,0.25,1.7095890410958905
22,7.85,145.0,0.9500000000000002,1.7095890410958905
23,2.33,150.0,0.4500000000000002,1.7095890410958905
24,11.78,155.0,2.499999999999999,1.7095890410958905
25,4.5,160.0,0.4700000000000002,1.7095890410958905
26,2.15,165.0,0.3799999999999999,1.7095890410958905
27,1.96,170.0,0.3500000000000001,1.7095890410958905
28,1.97,175.0,0.3699999999999999,1.7095890410958905
29,1.4,180.0,0.16999999999999993,1.7095890410958905
30,1.58,185.0,0.42999999999999994,1.7095890410958905
31,1.46,190.0,0.49,1.7095890410958905
32,1.75,195.0,0.49,1.7095890410958905
33,1.6,200.0,0.32000000000000006,1.7095890410958905
